0 3 0 2
0 5 1 2
0 8 2 2
0 9 3 1
0 9 4 2
0 12 5 3
0 15 6 3
1 18 7 3
0 18 8 2
0 18 9 3
1 21 10 1
0 23 11 1
1 24 12 3
1 26 13 2
0 26 14 1
1 26 15 2
0 26 16 3
1 26 17 2
0 26 18 1
0 27 19 1
1 30 20 1
0 33 21 2
0 34 22 3
1 36 23 1
0 37 24 2
0 39 25 1
0 40 26 1
0 40 27 2
0 43 28 3
0 46 29 3
0 48 30 2
0 49 31 3
0 50 32 1
0 51 33 3
0 51 34 3
0 51 35 3
0 53 36 1
0 56 37 3
0 56 38 2
1 56 39 3
1 59 40 3
1 60 41 2
0 60 42 3
1 62 43 1
0 62 44 2
1 65 45 1
0 68 46 2
1 68 47 2
0 71 48 3
0 71 49 2
0 72 50 2
1 72 51 3
0 74 52 3
0 76 53 3
1 76 54 3
0 76 55 1
0 77 56 3
0 77 57 3
0 80 58 1
0 83 59 1
0 84 60 2
1 86 61 1
0 89 62 1
0 91 63 1
0 91 64 1
0 92 65 3
0 94 66 1
1 94 67 2
0 97 68 2
0 100 69 2
0 100 70 1
0 101 71 1
1 102 72 1
0 105 73 3
0 106 74 2
0 106 75 2
1 109 76 1
0 109 77 3
0 109 78 1
0 111 79 2
1 111 80 2
0 112 81 1
0 115 82 1
1 115 83 2
0 116 84 3
0 116 85 1
0 119 86 2
1 120 87 2
0 121 88 1
0 123 89 2
1 124 90 3
0 125 91 3
0 127 92 2
0 129 93 1
0 129 94 1
0 129 95 2
0 130 96 3
0 133 97 2
0 133 98 2
0 134 99 2
